1.00,0.30,0.01,9.99,3.33,2.50
0.30,1.00,4.45,0.25,8.77,1.24
0.01,4.45,1.00,1.56,0.98,4.59
9.99,0.25,1.56,1.00,0.04,6.99
3.33,8.77,0.98,0.04,1.00,2.38
2.50,1.24,4.59,6.99,2.38,1.00